Code_c3h8/Processed_data/data_Meteo/Meteo_ebas_CMN_16_23/IT0009R.20220712000000.20221003031200.aws.temperature.met.8d.1h.IT06L_IT06L_CIM_HMP155.IT06L_CIM_HMP155_IMP_2022.lev2.nas
71 1001
Putero, Davide; Calzolari, Francescopiero; Cristofanelli, Paolo
IT06L, Institute of Atmospheric Sciences and Climate, CNR-ISAC, Section of Bologna, Via Gobetti 101, , 40129, Bologna, Italy
Putero, Davide
CAMPAIGN EMEP
1 1
2022 01 01 2022 10 03
0.041667
days from file reference point
3
1 1 1
999.999999 999.99 9.999
end_time of measurement, days from the file reference point
temperature, deg C
numflag temperature, no unit
0
54
Data definition:              EBAS_1.1
Data license:                 "https://creativecommons.org/licenses/by/4.0/"
Citation:                     "Putero, D., Calzolari, F., Cristofanelli, P., CAMPAIGN, EMEP, 2022, Temperature at Monte Cimone, data hosted by EBAS at NILU, Part of DOI: https://doi.org/10.48597/6GVS-DWDW"
Set type code:                TU
Timezone:                     UTC
File name:                    IT0009R.20220712000000.20221003031200.aws.temperature.met.8d.1h.IT06L_IT06L_CIM_HMP155.IT06L_CIM_HMP155_IMP_2022.lev2.nas
Represents DOI:               
Contains data from DOI:       "https://doi.org/10.48597/6GVS-DWDW"
File creation:                20240920094059956000
Export state:                 20240920094040974535
Export filter:                exclude-900,exclude-invalid
Startdate:                    20220712000000
Revision date:                20221003031200
Version:                      1
Version description:          first revision, manually inspected, wind data corrected
Statistics:                   arithmetic mean
Data level:                   2
Period code:                  8d
Resolution code:              1h
Sample duration:              1h
Orig. time res.:              1s
Station code:                 IT0009R
Platform code:                IT0009S
Station name:                 Monte Cimone
Station WDCA-ID:              GAWAIT__CMN
Station GAW-ID:               CMN
Station GAW-Name:             Monte Cimone
Station land use:             Remote park
Station setting:              Mountain
Station GAW type:             G
Station WMO region:           6
Station latitude:             44.193205336
Station longitude:            10.7014294564
Station altitude:             2165.0 m
Measurement latitude:         44.193425
Measurement longitude:        10.700963
Measurement altitude:         2165.0 m
Measurement height:           1.0 m
Regime:                       IMG
Component:                    temperature
Unit:                         deg C
Matrix:                       met
Laboratory code:              IT06L
Instrument type:              aws
Instrument name:              IT06L_CIM_HMP155
Method ref:                   IT06L_CIM_HMP155_IMP_2022
Measurement uncertainty:      2.0 %
Originator:                   Putero, Davide, d.putero@isac.cnr.it, Institute of Atmospheric Sciences and Climate, ISAC, , Via P. Gobetti 101, , I-40129, Bologna, Italy
Originator:                   Calzolari, Francescopiero, f.calzolari@isac.cnr.it, Institute of Atmospheric Sciences and Climate, ISAC, Institute for Atmospheric and Climate Science, Via P. Gobetti 101, , I-40129, Bologna, Italy, ORCID=0000-0003-4535-9626
Originator:                   Cristofanelli, Paolo, p.cristofanelli@isac.cnr.it, National Research Council of Italy, CNR, Institute for Atmospheric and Climate Science, Via Gobetti 101, , I-4019, Bologna, Italy
Submitter:                    Putero, Davide, d.putero@isac.cnr.it, Institute of Atmospheric Sciences and Climate, ISAC, , Via P. Gobetti 101, , I-40129, Bologna, Italy
Acknowledgement:              "Data used in this <study/report/figure/etc.> were accessed from EBAS (https://ebas.nilu.no) hosted by NILU. Specifically, the use included data affiliated with the frameworks: CAMPAIGN, EMEP. Request acknowledgement details from data originator"
Comment:                      global_radiation and uvb_radiation can be underestimated due to snow accumulation over the sensors
starttime endtime T flag_T
192.000000 192.041667  11.33 0.000
192.041667 192.083333  11.19 0.000
192.083333 192.125000  11.39 0.000
192.125000 192.166667  11.20 0.000
192.166667 192.208333  11.20 0.000
192.208333 192.250000  10.94 0.000
192.250000 192.291667  10.56 0.000
192.291667 192.333333  11.03 0.000
192.333333 192.375000  13.29 0.000
192.375000 192.416667  15.09 0.000
192.416667 192.458333  15.50 0.000
192.458333 192.500000  14.88 0.000
192.500000 192.541667  14.49 0.000
192.541667 192.583333  14.00 0.000
192.583333 192.625000  14.21 0.000
192.625000 192.666667  13.99 0.000
192.666667 192.708333  13.59 0.000
192.708333 192.750000  13.62 0.000
192.750000 192.791667  13.03 0.000
192.791667 192.833333  12.01 0.000
192.833333 192.875000  11.67 0.000
192.875000 192.916667  11.03 0.000
192.916667 192.958333  10.91 0.000
192.958333 193.000000  10.84 0.000
193.000000 193.041667  10.42 0.000
193.041667 193.083333   9.69 0.000
193.083333 193.125000   9.41 0.000
193.125000 193.166667   9.16 0.000
193.166667 193.208333   9.55 0.000
193.208333 193.250000  10.57 0.000
193.250000 193.291667  11.54 0.000
193.291667 193.333333  12.29 0.000
193.333333 193.375000  13.28 0.000
193.375000 193.416667  14.94 0.000
193.416667 193.458333  16.48 0.000
193.458333 193.500000  17.25 0.000
193.500000 193.541667  18.18 0.000
193.541667 193.583333  18.50 0.000
193.583333 193.625000  18.30 0.000
193.625000 193.666667  17.55 0.000
193.666667 193.708333  16.41 0.000
193.708333 193.750000  15.60 0.000
193.750000 193.791667  14.08 0.000
193.791667 193.833333  13.14 0.000
193.833333 193.875000  12.84 0.000
193.875000 193.916667  13.04 0.000
193.916667 193.958333  12.85 0.000
193.958333 194.000000  12.75 0.000
194.000000 194.041667  12.60 0.000
194.041667 194.083333  12.56 0.000
194.083333 194.125000  12.76 0.000
194.125000 194.166667  12.64 0.000
194.166667 194.208333  12.79 0.000
194.208333 194.250000  13.50 0.000
194.250000 194.291667  14.27 0.000
194.291667 194.333333  15.54 0.000
194.333333 194.375000  16.68 0.000
194.375000 194.416667  17.66 0.000
194.416667 194.458333  18.74 0.000
194.458333 194.500000  18.46 0.000
194.500000 194.541667  18.22 0.000
194.541667 194.583333  18.37 0.000
194.583333 194.625000  17.09 0.000
194.625000 194.666667  16.06 0.000
194.666667 194.708333  15.55 0.000
194.708333 194.750000  15.09 0.000
194.750000 194.791667  13.98 0.000
194.791667 194.833333  14.03 0.000
194.833333 194.875000  14.12 0.000
194.875000 194.916667  13.75 0.000
194.916667 194.958333  13.89 0.000
194.958333 195.000000  13.94 0.000
195.000000 195.041667  14.26 0.000
195.041667 195.083333  14.46 0.000
195.083333 195.125000  14.67 0.000
195.125000 195.166667  14.94 0.000
195.166667 195.208333  14.92 0.000
195.208333 195.250000  15.21 0.000
195.250000 195.291667  15.81 0.000
195.291667 195.333333  16.48 0.000
195.333333 195.375000  17.91 0.000
195.375000 195.416667  18.86 0.000
195.416667 195.458333  19.54 0.000
195.458333 195.500000  20.81 0.000
195.500000 195.541667  20.38 0.000
195.541667 195.583333  19.58 0.000
195.583333 195.625000  19.21 0.000
195.625000 195.666667  18.65 0.000
195.666667 195.708333  17.92 0.000
195.708333 195.750000  16.47 0.000
195.750000 195.791667  15.55 0.000
195.791667 195.833333  14.86 0.000
195.833333 195.875000  14.79 0.000
195.875000 195.916667  14.84 0.000
195.916667 195.958333  14.70 0.000
195.958333 196.000000  14.63 0.000
196.000000 196.041667  15.10 0.000
196.041667 196.083333  15.33 0.000
196.083333 196.125000  15.45 0.000
196.125000 196.166667  15.25 0.000
196.166667 196.208333  15.27 0.000
196.208333 196.250000  15.22 0.000
196.250000 196.291667  15.56 0.000
196.291667 196.333333  16.99 0.000
196.333333 196.375000  17.24 0.000
196.375000 196.416667  17.86 0.000
196.416667 196.458333  18.50 0.000
196.458333 196.500000  19.07 0.000
196.500000 196.541667  19.66 0.000
196.541667 196.583333  19.55 0.000
196.583333 196.625000  18.76 0.000
196.625000 196.666667  18.38 0.000
196.666667 196.708333  17.52 0.000
196.708333 196.750000  15.87 0.000
196.750000 196.791667  14.96 0.000
196.791667 196.833333  14.62 0.000
196.833333 196.875000  15.31 0.000
196.875000 196.916667  15.91 0.000
196.916667 196.958333  15.86 0.000
196.958333 197.000000  15.45 0.000
197.000000 197.041667  14.69 0.000
197.041667 197.083333  13.89 0.000
197.083333 197.125000  13.71 0.000
197.125000 197.166667  13.57 0.000
197.166667 197.208333  13.52 0.000
197.208333 197.250000  14.00 0.000
197.250000 197.291667  14.82 0.000
197.291667 197.333333  15.65 0.000
197.333333 197.375000  16.45 0.000
197.375000 197.416667  17.60 0.000
197.416667 197.458333  18.48 0.000
197.458333 197.500000  18.95 0.000
197.500000 197.541667  18.21 0.000
197.541667 197.583333  18.73 0.000
197.583333 197.625000  18.44 0.000
197.625000 197.666667  18.54 0.000
197.666667 197.708333  17.91 0.000
197.708333 197.750000  16.62 0.000
197.750000 197.791667  16.12 0.000
197.791667 197.833333  15.94 0.000
197.833333 197.875000  15.67 0.000
197.875000 197.916667  15.51 0.000
197.916667 197.958333  15.11 0.000
197.958333 198.000000  14.74 0.000
198.000000 198.041667  14.49 0.000
198.041667 198.083333  14.63 0.000
198.083333 198.125000  14.58 0.000
198.125000 198.166667  14.28 0.000
198.166667 198.208333  13.60 0.000
198.208333 198.250000  14.72 0.000
198.250000 198.291667  15.53 0.000
198.291667 198.333333  16.49 0.000
198.333333 198.375000  17.26 0.000
198.375000 198.416667  17.80 0.000
198.416667 198.458333  18.67 0.000
198.458333 198.500000  19.60 0.000
198.500000 198.541667  20.83 0.000
198.541667 198.583333  21.19 0.000
198.583333 198.625000  21.05 0.000
198.625000 198.666667  20.39 0.000
198.666667 198.708333  19.63 0.000
198.708333 198.750000  17.26 0.000
198.750000 198.791667  16.29 0.000
198.791667 198.833333  16.18 0.000
198.833333 198.875000  15.95 0.000
198.875000 198.916667  15.61 0.000
198.916667 198.958333  15.22 0.000
198.958333 199.000000  15.07 0.000
199.000000 199.041667  15.08 0.000
199.041667 199.083333  14.41 0.000
199.083333 199.125000  13.96 0.000
199.125000 199.166667  13.93 0.000
199.166667 199.208333  13.99 0.000
199.208333 199.250000  14.41 0.000
199.250000 199.291667  15.17 0.000
199.291667 199.333333  16.22 0.000
199.333333 199.375000  17.40 0.000
199.375000 199.416667  18.55 0.000
199.416667 199.458333  19.58 0.000
199.458333 199.500000  20.54 0.000
199.500000 199.541667  21.40 0.000
199.541667 199.583333  21.82 0.000
199.583333 199.625000  21.51 0.000
199.625000 199.666667  20.79 0.000
199.666667 199.708333  19.73 0.000
199.708333 199.750000  18.46 0.000
199.750000 199.791667  15.73 0.000
199.791667 199.833333  15.65 0.000
199.833333 199.875000  15.84 0.000
199.875000 199.916667  15.90 0.000
199.916667 199.958333  15.71 0.000
199.958333 200.000000  15.23 0.000
